              precision    recall  f1-score   support

           0       0.69      0.59      0.64        83
           1       0.25      0.33      0.29         3
           2       1.00      0.40      0.57         5
           3       0.25      0.33      0.29         3
           4       0.25      0.33      0.29         6
           5       0.57      1.00      0.73         4
           6       0.50      0.50      0.50         4
           7       0.67      0.67      0.67         3
           8       0.20      0.20      0.20         5
           9       0.14      0.20      0.17         5
          10       0.00      0.00      0.00         4
          11       0.50      0.25      0.33         4
          12       1.00      0.40      0.57         5
          13       0.20      0.50      0.29         2
          14       1.00      0.20      0.33         5
          15       1.00      0.80      0.89         5
          16       0.06      0.33      0.10         3
          17       0.00      0.00      0.00         7

    accuracy                           0.48       156
   macro avg       0.46      0.39      0.38       156
weighted avg       0.58      0.48      0.51       156
