              precision    recall  f1-score   support

           0       1.00      0.04      0.07        83
           1       0.75      1.00      0.86         3
           2       0.50      1.00      0.67         4
           3       0.12      1.00      0.21         3
           4       0.25      0.50      0.33         6
           5       0.24      1.00      0.38         4
           6       0.36      1.00      0.53         4
           7       0.43      1.00      0.60         3
           8       0.11      0.60      0.18         5
           9       0.38      0.60      0.46         5
          10       0.50      0.25      0.33         4
          11       0.67      1.00      0.80         4
          12       0.50      0.17      0.25         6
          13       0.20      1.00      0.33         2
          14       0.80      0.80      0.80         5
          15       1.00      0.60      0.75         5
          16       0.25      0.33      0.29         3
          17       1.00      0.14      0.25         7

    accuracy                           0.32       156
   macro avg       0.50      0.67      0.45       156
weighted avg       0.77      0.32      0.25       156
