              precision    recall  f1-score   support

           0       1.00      0.04      0.07        83
           1       0.75      1.00      0.86         3
           2       0.62      1.00      0.77         5
           3       0.12      1.00      0.21         3
           4       0.25      0.50      0.33         6
           5       0.24      1.00      0.38         4
           6       0.36      1.00      0.53         4
           7       0.57      1.00      0.73         4
           8       0.11      0.60      0.18         5
           9       0.38      0.75      0.50         4
          10       0.50      0.25      0.33         4
          11       0.67      1.00      0.80         4
          12       0.50      0.20      0.29         5
          13       0.60      1.00      0.75         6
          14       0.80      0.80      0.80         5
          15       1.00      0.75      0.86         4
          16       0.25      0.33      0.29         3
          17       1.00      0.25      0.40         4

    accuracy                           0.36       156
   macro avg       0.54      0.69      0.50       156
weighted avg       0.77      0.36      0.29       156
