              precision    recall  f1-score   support

           0       0.77      0.12      0.21        83
           1       1.00      0.67      0.80         3
           2       0.80      1.00      0.89         4
           3       0.09      0.67      0.15         3
           4       0.25      0.50      0.33         6
           5       0.43      0.75      0.55         4
           6       0.67      1.00      0.80         4
           7       1.00      0.33      0.50         3
           8       0.07      0.40      0.12         5
           9       0.13      0.40      0.20         5
          10       0.67      1.00      0.80         4
          11       0.67      1.00      0.80         4
          12       0.75      0.50      0.60         6
          13       0.12      0.50      0.20         2
          14       0.71      1.00      0.83         5
          15       0.71      1.00      0.83         5
          16       0.50      0.33      0.40         3
          17       0.40      0.29      0.33         7

    accuracy                           0.37       156
   macro avg       0.54      0.64      0.52       156
weighted avg       0.65      0.37      0.36       156
