              precision    recall  f1-score   support

           0       0.77      0.12      0.21        83
           1       1.00      0.67      0.80         3
           2       1.00      1.00      1.00         5
           3       0.09      0.67      0.15         3
           4       0.25      0.50      0.33         6
           5       0.43      0.75      0.55         4
           6       0.67      1.00      0.80         4
           7       1.00      0.33      0.50         3
           8       0.07      0.40      0.12         5
           9       0.13      0.67      0.22         3
          10       0.67      1.00      0.80         4
          11       0.67      1.00      0.80         4
          12       1.00      0.57      0.73         7
          13       0.50      0.80      0.62         5
          14       0.71      1.00      0.83         5
          15       0.71      1.00      0.83         5
          16       0.50      0.33      0.40         3
          17       0.40      0.50      0.44         4

    accuracy                           0.40       156
   macro avg       0.59      0.68      0.56       156
weighted avg       0.68      0.40      0.39       156
