              precision    recall  f1-score   support

           0       0.71      0.29      0.41        83
           1       1.00      0.67      0.80         3
           2       1.00      0.60      0.75         5
           3       0.13      0.50      0.21         4
           4       0.67      0.33      0.44         6
           5       0.44      1.00      0.62         4
           6       0.60      0.75      0.67         4
           7       0.43      0.75      0.55         4
           8       0.09      0.40      0.14         5
           9       0.50      1.00      0.67         3
          10       0.30      0.75      0.43         4
          11       0.50      0.50      0.50         4
          12       0.43      0.60      0.50         5
          13       0.50      1.00      0.67         4
          14       1.00      0.20      0.33         5
          15       0.44      0.80      0.57         5
          16       0.10      0.33      0.15         3
          17       0.00      0.00      0.00         5

    accuracy                           0.42       156
   macro avg       0.49      0.58      0.47       156
weighted avg       0.60      0.42      0.43       156
