              precision    recall  f1-score   support

           0       0.71      0.29      0.41        83
           1       1.00      0.67      0.80         3
           2       0.67      0.50      0.57         4
           3       0.07      0.33      0.11         3
           4       0.67      0.33      0.44         6
           5       0.44      1.00      0.62         4
           6       0.60      0.75      0.67         4
           7       0.29      0.67      0.40         3
           8       0.09      0.40      0.14         5
           9       0.50      0.60      0.55         5
          10       0.30      0.75      0.43         4
          11       0.50      0.50      0.50         4
          12       0.43      0.50      0.46         6
          13       0.25      1.00      0.40         2
          14       1.00      0.20      0.33         5
          15       0.44      0.80      0.57         5
          16       0.10      0.33      0.15         3
          17       0.00      0.00      0.00         7

    accuracy                           0.39       156
   macro avg       0.45      0.53      0.42       156
weighted avg       0.58      0.39      0.41       156
