              precision    recall  f1-score   support

           0       0.71      0.29      0.41        83
           1       1.00      0.67      0.80         3
           2       1.00      0.60      0.75         5
           3       0.18      0.75      0.29         4
           4       0.33      0.17      0.22         6
           5       0.40      1.00      0.57         4
           6       0.50      0.50      0.50         4
           7       0.38      0.75      0.50         4
           8       0.09      0.40      0.15         5
           9       0.33      0.67      0.44         3
          10       0.38      0.75      0.50         4
          11       0.67      0.50      0.57         4
          12       0.33      0.60      0.43         5
          13       0.50      1.00      0.67         4
          14       0.67      0.40      0.50         5
          15       0.50      0.80      0.62         5
          16       0.12      0.33      0.18         3
          17       0.00      0.00      0.00         5

    accuracy                           0.42       156
   macro avg       0.45      0.57      0.45       156
weighted avg       0.58      0.42      0.42       156
