              precision    recall  f1-score   support

           0       0.71      0.29      0.41        83
           1       1.00      0.67      0.80         3
           2       0.67      0.50      0.57         4
           3       0.12      0.67      0.20         3
           4       0.33      0.17      0.22         6
           5       0.40      1.00      0.57         4
           6       0.50      0.50      0.50         4
           7       0.25      0.67      0.36         3
           8       0.09      0.40      0.15         5
           9       0.33      0.40      0.36         5
          10       0.38      0.75      0.50         4
          11       0.67      0.50      0.57         4
          12       0.33      0.50      0.40         6
          13       0.25      1.00      0.40         2
          14       0.67      0.40      0.50         5
          15       0.50      0.80      0.62         5
          16       0.12      0.33      0.18         3
          17       0.00      0.00      0.00         7

    accuracy                           0.38       156
   macro avg       0.41      0.53      0.41       156
weighted avg       0.55      0.38      0.40       156
