              precision    recall  f1-score   support

           0       0.77      0.48      0.59        83
           1       0.67      0.67      0.67         3
           2       0.80      1.00      0.89         4
           3       0.12      0.33      0.18         3
           4       0.50      0.17      0.25         6
           5       0.57      1.00      0.73         4
           6       1.00      0.75      0.86         4
           7       0.50      1.00      0.67         3
           8       0.04      0.20      0.06         5
           9       0.43      0.60      0.50         5
          10       0.27      0.75      0.40         4
          11       1.00      0.50      0.67         4
          12       0.75      0.50      0.60         6
          13       0.22      1.00      0.36         2
          14       1.00      0.80      0.89         5
          15       0.83      1.00      0.91         5
          16       0.00      0.00      0.00         3
          17       0.00      0.00      0.00         7

    accuracy                           0.52       156
   macro avg       0.53      0.60      0.51       156
weighted avg       0.65      0.52      0.55       156
