              precision    recall  f1-score   support

           0       0.69      0.46      0.55        83
           1       1.00      0.67      0.80         3
           2       0.75      0.75      0.75         4
           3       0.10      0.33      0.15         3
           4       1.00      0.17      0.29         6
           5       0.57      1.00      0.73         4
           6       1.00      0.75      0.86         4
           7       0.43      1.00      0.60         3
           8       0.08      0.40      0.14         5
           9       0.33      0.20      0.25         5
          10       0.09      0.25      0.13         4
          11       0.50      0.25      0.33         4
          12       0.29      0.33      0.31         6
          13       0.20      1.00      0.33         2
          14       1.00      0.80      0.89         5
          15       0.80      0.80      0.80         5
          16       0.00      0.00      0.00         3
          17       0.00      0.00      0.00         7

    accuracy                           0.46       156
   macro avg       0.49      0.51      0.44       156
weighted avg       0.59      0.46      0.49       156
