              precision    recall  f1-score   support

           0       0.82      0.11      0.19        83
           1       0.33      0.33      0.33         3
           2       1.00      1.00      1.00         5
           3       0.14      1.00      0.25         4
           4       0.33      0.50      0.40         6
           5       0.44      1.00      0.62         4
           6       1.00      0.75      0.86         4
           7       0.40      0.67      0.50         3
           8       0.11      0.60      0.19         5
           9       0.33      0.67      0.44         3
          10       0.43      0.75      0.55         4
          11       0.80      1.00      0.89         4
          12       0.67      0.33      0.44         6
          13       0.45      1.00      0.62         5
          14       1.00      1.00      1.00         5
          15       0.62      1.00      0.77         5
          16       0.33      1.00      0.50         3
          17       1.00      0.50      0.67         4

    accuracy                           0.42       156
   macro avg       0.57      0.73      0.57       156
weighted avg       0.70      0.42      0.38       156
