              precision    recall  f1-score   support

           0       0.89      0.40      0.55        83
           1       1.00      0.67      0.80         3
           2       1.00      0.60      0.75         5
           3       0.25      0.75      0.38         4
           4       1.00      0.33      0.50         6
           5       0.25      0.25      0.25         4
           6       0.75      0.75      0.75         4
           7       0.50      0.75      0.60         4
           8       0.09      0.20      0.12         5
           9       0.22      0.67      0.33         3
          10       0.17      0.50      0.25         4
          11       0.60      0.75      0.67         4
          12       0.50      0.25      0.33         4
          13       0.45      1.00      0.62         5
          14       1.00      1.00      1.00         4
          15       0.83      1.00      0.91         5
          16       0.16      1.00      0.28         4
          17       1.00      0.20      0.33         5

    accuracy                           0.50       156
   macro avg       0.59      0.61      0.52       156
weighted avg       0.75      0.50      0.54       156
