              precision    recall  f1-score   support

           0       0.85      0.41      0.55        83
           1       0.40      0.67      0.50         3
           2       1.00      1.00      1.00         5
           3       0.25      0.75      0.38         4
           4       0.36      0.67      0.47         6
           5       0.00      0.00      0.00         4
           6       0.67      0.50      0.57         4
           7       0.43      0.75      0.55         4
           8       0.00      0.00      0.00         5
           9       0.12      0.33      0.18         3
          10       0.25      0.50      0.33         4
          11       0.60      0.75      0.67         4
          12       0.67      0.40      0.50         5
          13       0.50      1.00      0.67         4
          14       1.00      1.00      1.00         4
          15       1.00      1.00      1.00         5
          16       0.13      0.50      0.21         4
          17       1.00      0.20      0.33         5

    accuracy                           0.49       156
   macro avg       0.51      0.58      0.49       156
weighted avg       0.69      0.49      0.53       156
