              precision    recall  f1-score   support

           0       0.89      0.40      0.55        83
           1       1.00      0.67      0.80         3
           2       0.67      0.50      0.57         4
           3       0.17      0.67      0.27         3
           4       1.00      0.33      0.50         6
           5       0.25      0.25      0.25         4
           6       0.75      0.75      0.75         4
           7       0.33      0.67      0.44         3
           8       0.09      0.20      0.12         5
           9       0.11      0.20      0.14         5
          10       0.17      0.50      0.25         4
          11       0.60      0.75      0.67         4
          12       0.50      0.17      0.25         6
          13       0.18      1.00      0.31         2
          14       1.00      0.80      0.89         5
          15       0.83      1.00      0.91         5
          16       0.12      1.00      0.21         3
          17       1.00      0.14      0.25         7

    accuracy                           0.45       156
   macro avg       0.54      0.56      0.45       156
weighted avg       0.74      0.45      0.50       156
