              precision    recall  f1-score   support

           0       0.85      0.41      0.55        83
           1       0.40      0.67      0.50         3
           2       0.80      1.00      0.89         4
           3       0.17      0.67      0.27         3
           4       0.36      0.67      0.47         6
           5       0.00      0.00      0.00         4
           6       0.67      0.50      0.57         4
           7       0.29      0.67      0.40         3
           8       0.00      0.00      0.00         5
           9       0.00      0.00      0.00         5
          10       0.25      0.50      0.33         4
          11       0.60      0.75      0.67         4
          12       0.67      0.33      0.44         6
          13       0.25      1.00      0.40         2
          14       1.00      0.80      0.89         5
          15       1.00      1.00      1.00         5
          16       0.07      0.33      0.11         3
          17       1.00      0.14      0.25         7

    accuracy                           0.45       156
   macro avg       0.46      0.52      0.43       156
weighted avg       0.68      0.45      0.49       156
